1:6,9,5,4,4,1,8,7,9,9,4,1,2,8,3,3,1,8,2,2,6,6,7,3,2,2,2,4,9,3
2:3,5,3,6,9,6,7,5,8,1,4,8,4,9,4,9,6,9,4,4,4,8,4,4,9,8,3,2,7,7
3:6,8,5,6,9,8,2,4,8,2,7,2,4,2,8,9,5,9,2,5,8,5,3,3,5,4,6,2,7,2
4:1,1,3,5,2,5,8,6,7,7,2,6,3,3,4,3,7,4,6,7,2,4,1,6,7,9,7,2,1,1
5:9,4,3,5,5,7,1,7,6,1,2,9,9,2,3,4,8,2,2,1,8,9,9,6,8,1,4,4,9,8
6:8,8,3,2,8,5,7,4,6,4,7,6,3,5,8,6,5,2,2,7,8,9,1,2,4,7,3,9,8,5
7:6,6,8,8,7,2,7,9,9,6,3,3,3,7,5,5,9,2,4,1,5,7,8,4,9,4,5,5,1,2
8:4,8,6,2,2,1,7,3,4,2,2,9,8,7,9,5,2,7,9,8,3,6,2,5,4,2,6,8,8,9
9:4,5,9,9,4,8,3,9,4,9,7,6,7,5,8,9,5,2,8,7,6,5,4,6,8,9,7,8,5,8
10:2,7,4,8,4,8,4,3,3,6,5,3,9,3,6,6,7,5,3,4,8,1,6,9,2,3,5,4,7,2
11:4,2,7,4,6,7,4,3,9,1,8,5,9,4,6,1,7,8,7,8,1,7,9,8,8,3,8,6,4,1
12:5,1,2,2,4,3,2,3,8,3,1,8,2,2,3,7,7,2,3,4,4,9,1,8,8,9,4,8,5,7
13:9,3,7,8,9,3,2,4,6,9,1,4,8,8,3,7,2,1,1,9,2,3,2,1,1,4,6,2,4,9
14:1,6,4,1,7,9,9,4,8,2,9,7,3,6,8,6,1,2,7,5,7,4,7,8,5,9,2,6,4,6
15:4,7,5,2,8,5,6,2,2,3,3,3,6,5,7,1,2,3,2,2,3,4,7,6,1,1,3,1,8,3
16:1,9,4,7,4,8,3,2,9,6,4,5,9,9,2,5,3,4,4,5,9,2,8,8,6,4,6,3,4,6
17:5,1,1,2,3,7,1,2,8,9,9,6,4,6,8,8,9,4,9,2,5,6,4,2,4,3,6,6,4,4
18:4,4,2,3,5,7,5,5,1,4,9,2,3,4,3,3,1,5,6,4,5,6,9,5,4,2,3,9,1,6
19:6,5,7,9,7,7,5,7,1,8,1,4,3,8,1,6,2,5,9,5,6,3,8,3,7,9,7,9,3,7
20:5,7,3,7,9,6,7,7,7,3,9,1,7,7,2,7,3,5,2,3,8,9,2,5,1,3,5,9,3,2
21:8,7,6,4,4,9,3,7,2,2,7,8,8,6,5,9,2,6,1,6,2,1,3,3,4,8,5,5,4,7
22:8,5,4,6,8,3,7,7,4,5,6,4,7,2,1,2,1,9,8,9,8,8,1,6,5,1,5,3,5,4
23:2,9,9,2,7,4,1,3,6,4,5,1,8,1,3,9,4,5,5,3,8,5,6,5,7,2,8,4,9,1
24:1,6,4,1,7,9,9,4,8,2,9,7,3,6,8,6,1,2,8,5,7,4,7,8,5,9,2,6,4,5
25:4,3,7,1,3,6,6,1,4,9,4,8,2,6,3,5,2,4,1,2,9,5,1,3,2,6,9,8,4,5
26:7,3,8,5,3,2,6,1,2,6,8,1,6,3,7,1,1,4,7,2,9,7,9,2,6,5,2,2,5,2
27:3,1,5,7,7,4,7,7,8,1,3,9,4,4,1,3,6,5,9,5,4,3,4,2,2,2,8,1,1,5
28:6,6,4,6,7,7,5,8,9,4,8,7,7,8,4,9,5,9,2,8,5,4,2,9,1,6,4,7,3,9
29:2,1,6,2,8,2,9,2,7,9,1,8,2,5,7,4,4,4,2,5,7,8,6,1,3,7,7,3,7,6
30:2,4,2,7,2,1,8,9,3,8,4,1,5,4,9,8,6,3,1,6,8,9,9,9,6,7,2,2,2,1
31:5,1,5,3,5,8,3,9,8,7,9,2,2,1,8,1,7,3,3,4,2,1,2,6,8,5,6,1,2,3
32:5,6,9,9,3,5,3,1,6,6,4,9,9,3,9,2,1,2,6,7,8,8,1,4,2,1,6,1,9,5
33:8,4,1,1,9,5,4,2,6,6,4,4,3,5,4,9,2,9,1,4,6,4,3,3,2,5,7,7,9,5
34:2,3,7,2,2,9,9,6,4,4,1,4,4,5,6,9,2,3,7,5,8,5,1,1,8,3,2,3,2,9
35:8,7,6,4,4,9,3,7,2,2,7,4,8,6,5,9,2,6,1,6,2,1,3,3,4,8,5,5,4,1
36:3,5,9,1,3,7,2,8,5,2,1,7,3,6,8,7,6,9,4,7,9,4,8,7,1,1,4,4,3,5
37:7,5,8,8,6,9,2,1,6,2,3,3,9,6,3,7,1,8,8,2,8,6,3,6,2,3,8,6,1,5
38:5,2,3,2,4,3,9,4,2,9,7,9,4,6,3,2,2,8,1,6,2,8,1,7,8,3,1,3,6,6
39:9,2,3,7,1,2,7,8,9,7,1,9,7,7,9,2,8,6,1,9,3,6,9,6,3,6,1,4,7,1
40:8,3,2,3,7,6,1,8,2,9,9,3,1,1,5,3,6,5,8,2,3,3,8,1,4,3,8,4,2,6
41:1,2,8,8,8,8,6,3,8,9,4,3,5,8,7,9,4,9,2,2,2,6,6,9,5,2,6,8,5,8
42:7,7,5,6,1,6,5,8,7,7,5,2,6,8,9,8,6,1,3,5,9,5,2,5,8,3,1,8,9,6
43:3,2,7,5,5,2,6,7,2,4,7,6,1,6,3,6,5,7,5,6,5,9,5,5,2,9,1,3,9,8
44:7,3,8,5,3,2,6,1,2,6,8,1,6,3,7,1,1,4,7,2,9,7,7,2,6,5,2,2,5,2
45:6,5,7,9,7,7,5,7,1,8,1,4,3,8,1,6,2,5,9,5,6,3,8,3,7,9,7,9,3,1
46:2,2,7,6,9,5,8,7,1,3,1,5,3,3,3,7,9,1,5,6,1,2,1,5,4,1,2,1,9,6
47:8,5,4,6,8,3,7,7,4,5,6,4,7,2,1,2,1,2,8,9,8,8,1,6,5,1,5,3,5,2
48:5,4,7,5,5,2,2,4,3,1,1,9,4,1,4,3,1,7,8,7,5,5,2,5,8,4,6,8,4,7
49:3,1,4,7,9,4,4,3,9,6,5,3,4,1,2,1,1,3,5,8,5,5,1,2,5,4,9,2,8,6
50:9,6,9,8,6,6,3,8,4,5,5,4,6,6,5,5,5,7,8,8,6,7,7,9,3,1,7,4,4,1
51:6,5,2,6,1,1,2,1,6,1,2,1,9,6,6,5,7,4,8,2,4,4,8,6,1,4,6,2,1,3
52:3,1,5,7,7,4,7,7,8,1,3,9,4,4,1,3,6,5,9,5,4,3,4,2,2,2,8,1,1,2
53:7,6,3,6,4,4,2,8,3,5,3,2,7,6,2,4,9,6,7,4,8,9,4,1,2,5,5,2,2,5
54:1,8,7,3,9,5,7,5,5,7,7,2,6,8,9,1,1,9,9,5,8,3,3,5,6,7,6,8,1,8
55:9,9,6,6,5,7,6,8,6,4,7,3,2,4,1,6,2,1,3,6,9,3,5,4,8,1,1,8,3,7
56:1,2,3,4,6,7,1,3,7,8,2,8,6,2,8,2,6,1,4,9,2,9,6,8,3,3,6,1,6,7
57:3,9,5,4,4,1,8,7,9,9,4,1,2,8,3,3,1,8,2,2,6,6,7,3,2,2,2,4,9,4
58:2,7,8,1,6,7,8,5,1,4,8,3,1,7,5,1,4,3,2,2,1,2,2,2,8,5,8,7,2,6
59:1,1,8,3,9,1,5,7,8,8,4,4,6,1,7,9,4,8,7,9,8,9,6,3,7,9,3,7,4,6
60:2,4,1,3,7,9,3,4,6,5,4,4,9,8,8,3,5,4,8,8,7,1,7,8,5,1,9,6,5,3
61:6,5,1,6,4,7,7,1,4,4,5,9,4,3,5,9,9,8,4,7,5,3,8,8,4,2,1,4,4,5
62:4,6,9,7,3,6,3,8,3,9,9,2,3,5,6,6,4,6,1,9,3,7,8,9,6,3,6,2,9,9
63:1,1,8,3,9,1,5,7,8,8,4,4,6,1,7,9,4,8,7,9,8,9,6,3,7,9,3,7,4,6
64:5,3,9,5,3,1,9,5,1,6,9,8,8,2,4,2,7,4,9,3,4,9,1,5,2,2,3,9,2,1
65:4,2,9,3,4,1,4,6,3,3,5,6,5,9,3,8,5,2,8,5,1,8,1,3,5,2,9,2,3,4
66:7,6,1,1,7,8,7,2,4,7,1,3,1,8,9,7,1,1,9,1,1,4,6,1,9,9,9,2,9,6
67:8,8,4,9,3,2,4,1,8,9,2,3,1,5,6,5,1,9,2,9,5,1,3,7,8,1,4,8,3,8
68:7,2,3,2,6,1,5,4,7,2,3,9,2,2,6,4,2,7,6,8,7,6,1,3,1,2,7,5,8,7
69:3,7,6,2,3,7,5,7,7,3,9,7,5,5,5,4,9,1,5,2,2,6,5,4,6,3,4,5,6,1
70:6,9,8,2,7,8,5,8,7,4,1,9,4,5,3,5,4,6,3,8,1,3,1,2,8,7,2,1,2,7
71:4,8,8,1,8,2,6,6,3,1,8,7,8,7,8,7,3,9,4,7,2,9,5,4,6,9,7,5,5,3
72:7,4,2,3,8,1,2,5,1,5,1,8,5,7,5,9,9,8,8,5,2,2,8,7,8,9,8,5,3,9
73:2,9,9,2,7,4,1,3,6,4,5,1,8,1,3,9,4,5,5,3,8,5,6,5,7,2,8,4,9,1
74:4,8,5,4,9,6,9,6,9,5,1,1,3,3,9,1,9,9,1,6,3,3,1,3,1,4,2,2,7,9
75:2,4,5,7,6,8,9,5,2,5,5,8,5,4,5,7,3,3,7,1,3,7,9,7,3,6,9,4,6,1
76:2,1,6,2,8,2,9,2,7,9,1,8,8,5,7,4,4,4,2,5,7,8,6,1,3,7,7,3,7,6
77:4,8,6,2,2,1,7,3,4,2,2,9,8,7,9,5,2,7,9,8,3,1,2,5,4,2,6,8,8,1
78:2,3,9,9,8,4,1,7,5,3,6,3,6,2,2,9,8,3,2,4,7,5,4,9,7,2,6,8,7,8
79:2,2,7,6,9,5,8,7,1,3,1,5,3,3,3,7,9,1,5,6,1,2,1,5,4,1,2,1,9,3
80:2,2,7,3,5,4,2,9,5,4,4,5,3,9,5,1,9,3,2,8,3,6,6,7,8,7,2,4,5,5
81:7,4,2,3,8,1,2,5,1,5,1,8,5,7,5,9,9,8,8,5,2,2,8,2,8,9,8,5,3,9
82:3,3,5,6,7,5,3,5,5,6,2,5,1,4,1,5,2,3,1,3,4,6,9,5,2,2,6,9,2,9
83:1,3,3,1,8,3,7,1,5,9,4,9,5,4,3,8,2,5,8,5,6,5,9,2,3,5,3,3,4,2
84:5,7,4,8,4,5,8,7,3,2,7,1,7,1,1,4,7,8,2,6,5,3,2,7,4,4,7,2,4,9
85:1,5,1,6,6,4,2,2,7,1,4,8,5,3,6,9,3,9,1,4,5,6,9,7,4,2,6,4,7,6
86:4,4,1,2,4,6,4,8,1,2,8,4,3,9,9,6,5,5,4,2,6,5,5,8,1,3,3,2,8,6
87:9,9,6,6,5,7,6,8,6,4,7,3,2,4,1,6,6,1,3,6,9,3,5,4,8,1,1,8,3,7
88:2,4,1,3,7,9,3,4,6,5,4,4,9,8,8,3,5,4,8,8,2,1,7,8,5,1,9,6,5,7
89:4,8,8,1,8,2,6,6,3,1,1,7,8,7,8,7,3,9,4,7,2,9,5,4,6,9,7,5,5,8
90:2,2,6,4,3,4,1,2,6,8,1,8,9,5,4,9,4,5,9,1,7,4,4,8,5,7,5,5,9,5
91:9,3,7,7,6,2,8,5,1,6,5,9,4,1,2,6,8,3,5,3,1,8,6,5,9,6,1,5,2,2
92:8,9,5,9,6,7,5,4,6,1,5,8,8,1,2,8,8,7,6,6,8,9,6,1,7,4,9,1,9,9
93:3,1,5,7,7,3,7,7,8,1,3,9,4,4,1,3,6,5,9,5,4,3,4,2,2,2,8,1,1,5
94:2,2,7,3,5,4,2,9,5,4,4,5,3,9,5,1,9,3,2,8,3,6,6,7,8,7,2,4,5,8
95:1,7,4,4,5,5,4,3,4,6,7,2,2,2,2,9,1,6,1,4,4,2,8,7,7,5,3,5,9,3
96:2,3,9,9,8,4,1,7,5,3,6,3,6,2,2,9,8,3,2,4,7,5,4,3,7,2,6,8,7,8
97:3,5,7,6,5,2,5,5,4,9,7,1,4,4,7,2,2,8,9,3,4,7,2,5,7,1,5,7,7,2
98:1,1,3,5,2,5,8,6,7,7,2,6,3,3,4,3,7,4,6,7,2,4,1,6,7,9,7,2,1,8
99:8,3,5,8,3,2,5,3,1,1,8,9,7,2,8,4,5,9,8,1,9,3,4,6,2,7,7,4,1,5
100:1,2,3,4,6,7,1,3,7,8,2,8,6,2,8,2,6,1,4,9,2,9,6,8,3,3,6,1,8,1
101:9,5,6,3,9,9,5,5,6,2,5,9,4,2,7,1,6,6,4,6,2,7,7,6,4,9,7,9,7,7
102:1,2,3,4,6,7,1,3,7,8,2,8,6,2,8,2,6,1,4,9,2,9,6,8,3,3,6,1,6,1
103:8,9,5,2,4,3,2,8,7,8,4,1,7,5,2,2,4,3,9,4,1,7,3,9,9,9,5,1,8,7
104:8,3,5,8,3,2,5,3,1,1,8,9,7,2,8,4,5,9,8,1,9,3,4,6,2,7,7,4,1,4
105:2,8,1,7,9,7,7,4,7,4,6,3,4,6,1,4,8,1,4,8,9,9,3,2,8,4,9,3,6,9
106:9,1,4,2,3,5,7,8,6,2,4,1,9,1,6,2,7,4,9,6,5,4,5,6,1,3,7,3,3,6
107:8,3,1,6,3,8,2,1,2,4,2,1,4,6,5,1,8,3,3,2,1,2,1,2,4,9,8,3,8,1
108:7,2,9,9,1,3,2,3,2,9,5,3,6,1,6,9,8,7,3,3,6,1,9,7,6,1,1,7,9,1
109:7,1,9,8,9,6,3,9,2,7,5,3,7,6,9,3,4,1,4,8,5,4,4,5,7,8,4,6,5,8
110:6,3,5,4,7,7,9,9,9,5,5,1,1,4,7,1,1,2,9,4,8,2,4,4,7,7,5,1,9,3
111:2,3,8,7,1,4,7,6,3,5,4,6,4,1,1,6,1,2,3,7,3,7,9,7,3,2,2,9,4,9
112:1,2,2,5,8,3,4,7,9,9,1,5,4,4,8,8,8,5,5,2,9,5,7,8,7,2,8,2,2,1
113:1,1,8,5,5,7,5,3,1,6,6,7,3,7,4,3,9,3,4,3,2,1,2,4,2,1,8,1,9,1
114:6,1,7,4,4,8,8,7,3,1,1,9,6,6,3,5,4,1,6,8,9,8,5,8,7,2,9,1,5,3
115:7,9,8,8,5,3,3,3,9,3,1,6,2,8,8,9,5,9,7,3,2,7,1,7,4,7,4,6,4,5
116:4,5,9,9,4,8,3,9,4,9,7,6,7,5,8,9,5,2,8,7,5,5,4,6,8,9,7,8,5,1
117:1,7,7,2,2,1,1,9,9,8,7,8,3,9,1,1,3,4,7,9,4,8,3,8,6,1,6,4,5,5
118:6,9,8,2,7,8,5,8,7,4,1,9,4,5,3,5,4,6,3,8,1,3,1,2,8,7,2,1,2,4
119:2,3,8,7,1,4,7,6,3,5,4,6,4,1,1,6,1,2,3,7,3,7,9,7,3,2,2,9,7,9
120:9,6,5,7,4,3,8,1,1,7,3,9,4,5,9,9,2,2,3,5,5,2,3,9,5,5,6,9,8,2
121:8,7,1,7,4,8,7,6,3,3,2,6,1,5,6,4,2,7,9,8,6,8,2,8,3,2,5,6,9,2
122:7,7,3,6,4,7,1,3,8,9,8,9,1,6,5,3,9,2,4,4,5,2,3,6,7,4,2,3,5,1
123:7,7,5,3,7,5,1,1,2,2,4,2,1,3,3,7,7,5,6,5,8,7,1,2,2,5,3,8,6,4
124:6,2,4,5,9,1,2,6,2,6,4,6,6,2,9,9,4,2,2,3,3,8,4,4,2,8,2,1,4,7
125:6,1,5,7,7,2,3,5,5,3,5,3,1,4,7,4,1,7,3,9,1,2,6,2,5,7,4,8,2,5
126:7,4,2,3,8,1,2,5,1,5,1,8,5,7,5,9,9,8,8,5,2,2,8,7,8,9,8,5,3,9
127:9,4,7,6,9,4,1,7,4,9,8,6,4,5,7,5,3,2,3,2,8,2,5,3,4,7,4,7,8,2
128:2,3,7,2,2,9,9,6,4,4,1,4,4,5,6,9,2,3,7,5,8,5,1,1,8,3,2,3,2,9
129:8,9,3,7,6,8,6,4,6,3,9,6,7,1,9,9,2,1,7,5,2,7,7,7,5,1,5,8,7,7
130:1,4,9,1,1,2,6,4,4,3,1,9,4,4,9,1,9,1,6,4,6,6,4,2,9,8,1,7,1,3
131:7,3,4,3,8,1,4,3,4,7,4,3,9,4,6,3,2,8,9,6,7,9,5,6,2,9,8,6,9,1
132:6,5,3,8,5,1,3,6,3,5,5,6,4,7,1,6,4,9,3,4,1,6,3,9,8,7,1,2,6,4
133:1,9,9,2,6,6,9,6,3,4,3,8,2,4,9,9,1,6,4,2,2,1,4,6,5,1,7,5,4,9
134:5,6,9,9,3,5,3,1,6,6,4,9,9,3,9,2,5,2,6,7,8,8,1,4,2,1,6,1,9,5
135:9,6,3,5,3,4,3,6,7,5,2,7,1,7,7,7,2,1,5,4,8,1,4,1,4,8,6,4,5,1
136:1,1,7,7,2,4,9,2,7,4,9,7,7,8,2,7,2,5,6,9,7,9,3,2,4,3,1,3,8,2
137:4,3,7,1,3,6,6,1,4,9,4,8,2,6,3,5,2,4,1,2,9,6,1,3,2,6,9,8,4,2
138:4,8,9,2,8,8,3,4,8,3,4,2,1,9,8,9,5,9,9,7,7,2,1,8,9,8,1,7,9,1
139:9,5,3,7,4,9,5,8,3,1,7,7,5,2,5,4,6,9,7,2,8,4,6,5,4,5,3,5,5,3
140:9,5,9,1,2,3,9,7,4,6,8,4,7,9,3,1,5,8,9,4,2,2,6,4,3,8,3,6,3,9
141:2,1,6,2,8,2,9,2,7,9,1,8,8,5,7,4,4,4,2,5,7,8,6,1,3,7,7,3,7,1
142:6,5,2,6,1,1,2,1,6,1,2,1,9,6,6,5,7,4,8,5,4,4,8,6,1,4,6,2,1,7
143:8,1,3,2,8,1,8,1,6,7,5,5,1,7,5,5,6,2,4,9,8,4,8,3,8,9,4,9,3,3
144:7,8,1,3,1,3,7,6,5,2,6,8,5,5,9,6,7,4,8,2,1,1,7,4,7,6,7,1,1,9
145:4,1,3,5,2,1,9,7,7,4,6,7,7,3,2,6,3,5,6,9,6,4,6,5,7,1,8,4,8,5
146:1,4,7,9,4,8,7,9,2,8,5,1,8,2,4,7,4,9,5,8,2,6,8,7,8,1,3,4,9,8
147:5,3,8,9,3,1,1,8,6,2,9,1,2,2,1,1,4,2,7,2,5,9,4,6,5,9,8,9,5,6
148:3,2,3,8,7,8,4,8,7,8,3,9,6,9,1,8,3,1,7,9,4,5,1,1,8,5,9,2,3,9
149:6,6,8,8,7,2,7,9,9,6,3,3,3,7,5,5,9,2,4,1,5,7,8,4,9,4,5,5,1,2
150:5,1,1,2,3,7,1,2,8,9,9,6,4,6,8,8,1,4,9,2,5,6,4,2,4,3,6,6,4,4
151:5,7,4,8,4,5,8,6,3,2,7,1,7,1,1,4,7,8,2,6,5,3,2,7,4,4,7,2,4,9
152:2,8,3,2,7,9,9,7,6,8,6,6,3,6,4,5,7,1,6,2,5,5,4,3,5,8,9,9,2,2
153:4,7,5,2,8,5,6,6,2,3,3,3,6,5,7,1,2,3,2,2,3,4,7,6,1,1,3,1,8,3
154:4,8,5,4,9,6,9,3,9,5,1,1,3,3,9,1,9,9,1,6,3,3,1,3,1,4,2,2,7,6
155:8,5,9,3,2,3,1,3,5,5,9,2,2,8,9,8,9,7,1,7,8,1,6,7,8,3,3,8,7,1
156:7,6,4,9,3,6,7,6,4,6,5,6,2,4,5,6,5,8,9,5,8,1,2,9,8,9,6,2,6,9
157:6,6,7,6,2,6,2,9,8,4,3,1,8,7,4,2,7,6,3,3,7,5,2,5,4,6,6,7,5,2
158:4,3,4,8,7,1,2,4,3,9,6,5,2,2,4,2,6,3,2,9,8,1,4,5,1,7,3,5,5,9
159:4,8,6,2,2,1,7,3,4,2,2,9,8,7,9,5,2,7,9,8,3,6,2,5,4,2,6,8,8,1
160:8,6,9,5,1,4,1,5,1,1,5,4,1,1,5,9,9,2,6,7,5,3,4,1,4,8,5,7,8,5
161:1,8,5,8,5,9,4,9,4,6,6,9,1,2,6,4,4,7,6,3,4,4,1,1,4,5,1,9,9,3
162:7,2,3,2,6,1,5,4,7,2,3,9,2,2,6,4,2,7,6,8,7,6,1,3,1,2,7,8,8,3
163:1,6,2,7,1,2,2,3,8,9,3,2,8,9,3,9,9,1,5,6,5,7,8,6,7,6,1,4,7,3
164:5,9,3,1,7,2,6,3,8,2,8,4,1,2,6,7,1,7,4,9,9,1,4,7,1,1,7,7,9,4
165:1,7,2,9,1,8,2,1,4,7,1,7,4,1,5,8,9,4,8,3,4,9,5,2,5,1,7,8,6,9
166:2,4,2,7,2,1,8,9,3,8,4,1,5,4,9,8,6,3,1,6,8,9,9,9,6,7,2,2,2,6
167:8,5,5,9,1,9,2,9,9,9,5,8,2,1,8,4,5,6,3,8,8,9,7,3,5,7,4,1,6,6
168:3,2,9,2,2,6,2,3,4,2,6,6,2,8,2,3,2,4,6,9,9,8,2,3,7,1,6,8,8,5
169:1,2,8,8,8,8,6,3,8,9,4,3,5,8,7,9,4,9,2,2,9,6,6,9,5,2,6,8,5,8
170:9,1,1,2,3,5,7,8,6,2,4,1,9,1,6,2,7,4,9,6,5,4,5,6,1,3,7,3,3,2
171:8,5,4,6,8,3,7,7,4,5,6,4,7,2,1,2,1,9,8,9,8,8,1,6,5,1,5,3,5,2
172:8,2,6,2,5,8,7,4,1,7,9,2,5,3,1,9,3,4,8,7,4,7,3,4,7,9,9,8,3,9
173:2,2,2,2,6,1,8,5,9,8,8,8,3,8,7,3,8,8,3,2,6,4,8,7,2,3,6,3,9,7
174:6,6,1,8,6,7,7,3,1,7,1,7,3,7,7,1,7,8,3,1,6,9,3,9,1,2,2,9,9,7
175:7,6,4,9,3,6,7,6,4,6,5,6,2,4,5,6,5,8,9,5,8,1,2,9,8,9,6,2,6,9
176:8,3,4,4,5,3,4,6,2,2,4,3,1,7,4,4,2,6,5,7,7,4,4,8,4,7,8,3,7,4
177:8,7,6,4,4,9,3,7,2,2,7,4,8,6,5,9,2,6,1,6,2,1,3,3,4,8,5,5,4,7
178:2,9,5,8,4,4,2,4,5,7,5,3,8,6,7,5,7,9,8,3,1,5,7,8,9,3,3,3,5,4
179:4,7,1,3,2,2,4,9,1,8,5,1,2,6,4,7,2,4,9,9,4,6,7,8,5,9,8,6,7,3
180:8,3,1,8,2,8,3,8,9,9,7,4,9,9,5,2,5,3,3,2,7,8,3,6,1,3,6,5,9,7
181:9,8,3,9,6,9,3,5,9,2,1,5,7,3,5,5,7,5,7,9,9,3,5,2,1,4,2,1,8,1
182:7,3,4,3,6,6,8,4,1,8,1,4,3,4,4,8,4,5,5,4,7,2,9,2,5,1,7,9,2,5
183:8,8,7,1,8,8,6,6,7,3,1,6,7,9,7,4,9,7,7,8,3,1,6,1,5,6,9,2,3,6
184:6,5,8,6,6,9,2,9,6,3,9,2,9,7,3,4,8,3,2,4,6,3,7,9,2,3,3,6,7,9
185:7,9,8,8,5,3,3,3,9,3,1,6,2,8,8,9,5,9,7,3,2,7,1,7,4,7,4,6,4,8
186:7,3,4,9,8,3,3,2,1,2,5,8,5,8,3,8,9,3,5,4,5,4,1,2,9,3,4,2,9,6
187:7,7,5,6,1,6,5,8,7,7,5,2,6,8,9,8,6,1,3,5,9,5,2,5,8,3,1,8,9,5
188:3,8,5,8,7,3,5,7,7,6,4,5,5,1,7,4,1,7,6,2,1,5,4,3,8,2,7,3,9,2
189:5,1,6,2,7,4,2,1,8,4,1,7,5,8,9,1,4,9,3,2,4,2,1,3,4,3,6,6,2,9
190:8,1,9,1,1,3,5,4,1,4,5,4,8,6,9,8,6,4,4,7,8,6,5,6,8,9,7,1,7,1
191:6,5,2,7,1,1,7,1,1,2,7,7,8,4,5,7,2,1,5,5,8,5,5,8,1,7,9,6,5,3
192:8,3,5,5,1,9,1,7,6,4,6,3,2,9,4,2,3,8,3,6,8,6,5,9,6,1,1,7,1,5
193:5,4,3,8,4,2,5,4,5,7,3,5,2,3,8,2,9,2,7,2,7,5,8,3,3,6,7,9,3,1
194:8,9,5,2,4,3,2,8,7,8,5,1,7,5,2,2,4,3,9,4,1,7,3,9,9,9,5,1,8,9
195:1,2,8,8,8,8,6,3,8,9,4,3,5,8,7,9,4,9,2,2,2,6,6,9,5,2,6,8,5,1
196:1,9,9,7,2,1,7,6,9,3,7,5,1,2,3,1,4,7,7,7,2,7,2,8,8,3,7,5,4,4
197:6,5,3,8,6,1,3,6,3,5,5,6,4,7,1,6,4,9,3,4,1,6,3,9,8,7,1,2,6,4
198:1,6,4,1,7,9,9,4,8,2,9,7,3,6,8,6,1,2,7,5,7,4,7,8,5,9,2,6,4,5
199:6,3,3,5,1,3,8,2,7,4,2,4,6,8,7,6,3,9,7,6,6,3,3,6,4,3,9,8,6,6
200:2,3,1,8,9,6,3,3,7,3,5,5,2,8,6,6,5,1,4,5,5,3,6,8,3,5,4,8,5,2
201:1,8,4,1,1,3,8,2,9,6,3,5,5,6,4,5,4,9,6,4,2,4,3,2,5,2,4,7,8,3
202:4,5,9,9,4,8,3,9,4,9,7,6,7,5,8,9,5,2,8,7,6,5,4,6,8,9,7,8,5,1
203:7,7,5,6,1,6,6,8,7,7,5,2,6,8,9,8,6,1,3,5,9,5,2,5,8,3,1,8,9,5
204:2,3,7,2,2,9,9,6,4,4,1,4,4,5,6,9,2,3,7,5,8,5,1,1,8,3,2,3,2,3
205:4,3,9,5,9,7,5,8,6,2,6,3,7,3,5,3,7,4,1,3,3,9,5,8,6,4,3,3,1,8
206:8,1,4,7,9,4,3,6,7,7,6,1,1,3,7,5,3,9,3,4,5,7,6,1,9,7,7,7,3,2
207:2,3,9,9,8,4,1,7,5,3,6,3,6,2,2,9,8,3,2,4,7,5,4,9,7,2,6,8,7,1
208:4,1,2,4,5,7,3,3,7,2,1,1,2,8,6,8,7,5,7,5,6,9,4,9,5,8,5,1,7,9
209:5,1,1,2,3,7,1,2,8,9,9,6,4,6,8,8,1,4,9,2,5,6,4,2,4,3,6,6,4,9
210:4,2,8,2,4,2,9,7,7,7,5,5,4,6,9,8,7,7,8,2,2,4,3,9,8,6,5,4,8,8
211:9,9,6,6,5,7,6,8,6,4,7,3,2,4,1,6,6,1,3,6,9,3,5,4,8,1,1,8,3,7
212:3,5,9,7,5,2,5,1,1,9,7,2,3,6,1,7,5,6,9,3,5,1,1,2,3,4,3,5,3,5
213:7,4,5,4,1,3,4,5,1,1,5,9,1,7,8,8,8,7,3,9,1,6,3,2,2,3,7,3,6,4
214:6,6,3,6,6,6,6,8,4,5,9,5,1,6,7,2,8,2,6,1,3,9,3,9,7,6,2,7,9,8
215:8,1,8,1,2,2,5,9,2,5,3,7,8,6,6,2,3,2,4,1,7,1,8,9,6,3,5,8,4,9
216:7,4,5,4,1,3,4,5,7,1,5,9,1,7,8,8,8,7,3,9,1,6,3,2,2,3,7,3,6,3
217:7,4,5,4,1,3,4,5,7,1,5,9,1,7,8,8,8,7,3,9,1,6,3,2,2,3,7,3,6,4
218:7,3,9,6,1,5,4,5,4,4,1,5,7,2,1,3,4,9,9,8,1,8,2,3,3,5,4,8,3,4
219:8,9,5,1,9,4,2,4,5,7,4,5,1,7,5,5,3,2,5,4,8,9,7,1,1,2,8,7,2,3
220:4,7,7,8,3,1,8,5,1,8,7,5,5,4,7,4,3,1,6,4,5,3,9,6,9,7,6,9,7,4
221:1,8,5,8,5,9,4,9,4,6,6,9,1,2,6,4,4,7,6,3,4,4,1,1,4,5,1,9,9,9
222:8,1,6,2,1,6,8,2,6,5,5,5,6,4,6,1,9,1,7,4,2,1,3,7,6,8,4,8,2,6
223:7,9,2,8,5,3,3,3,9,3,1,6,2,8,8,9,5,9,7,3,2,7,1,7,4,7,4,6,4,5
224:2,4,1,3,7,9,3,4,6,5,4,4,9,8,8,3,5,4,8,8,7,1,7,8,5,1,9,6,5,7
225:6,6,3,6,6,6,6,8,4,5,9,5,1,6,7,2,8,2,6,1,3,9,4,9,7,6,2,7,9,8
226:3,8,1,3,8,6,8,4,3,6,8,7,8,9,8,9,3,5,6,6,7,5,1,2,4,3,2,8,4,8
227:4,7,7,8,3,1,8,5,1,8,7,5,5,4,7,4,3,1,6,4,5,3,9,6,9,7,6,9,7,7
228:5,7,3,7,9,6,7,7,7,3,9,1,7,7,2,7,3,5,2,3,8,9,2,5,1,3,5,9,3,1
229:4,3,7,1,3,6,6,1,4,9,4,8,2,6,3,5,2,4,1,2,9,5,1,3,2,6,9,8,4,2
230:1,6,8,4,3,8,1,5,1,1,8,5,9,6,1,7,3,9,5,1,7,8,3,8,3,3,3,1,1,8
231:3,4,4,5,9,9,5,2,2,2,4,4,3,9,6,2,2,1,5,4,2,7,3,6,3,5,1,3,7,1
232:9,5,6,8,6,2,8,3,3,7,7,6,6,4,5,8,4,6,4,6,3,5,5,7,5,2,9,8,1,8
233:9,7,6,4,7,7,5,5,4,5,5,1,2,6,5,5,1,2,7,4,6,6,3,6,6,4,9,8,1,9
234:1,1,3,5,2,5,8,6,7,7,2,6,3,3,4,3,7,4,6,7,2,4,1,6,7,9,7,2,1,8
235:5,7,7,5,8,9,6,2,9,9,3,8,2,4,6,2,6,4,8,5,1,8,3,4,1,6,4,9,4,4
236:5,2,3,3,6,4,2,8,7,1,7,5,8,5,1,1,9,7,9,5,1,9,9,6,6,3,8,4,8,1
237:7,1,9,8,9,6,3,9,2,7,5,3,7,6,9,3,4,1,4,8,5,4,4,5,7,8,4,6,5,8
238:6,9,2,7,5,5,2,1,1,8,3,9,1,6,4,8,6,7,9,9,1,6,1,6,1,5,4,2,2,7
239:5,3,9,8,8,8,9,7,6,2,4,3,8,9,2,2,1,8,5,5,7,7,8,3,2,5,8,2,5,2
240:3,4,4,5,9,9,5,2,2,2,4,4,3,9,6,2,2,1,5,4,2,7,3,6,3,5,1,7,7,1
241:7,9,2,3,4,3,1,4,6,2,3,5,6,9,8,4,5,8,8,2,3,7,8,5,4,2,7,1,3,4
242:3,3,5,6,7,5,3,5,5,6,2,5,1,4,1,5,2,3,1,3,4,6,9,5,2,2,9,9,2,9
243:5,7,7,5,8,9,6,2,9,9,3,8,2,4,6,2,6,4,8,5,1,8,3,4,1,6,4,9,4,2
244:7,8,8,3,3,5,6,2,4,1,5,2,9,5,7,8,3,8,5,2,3,3,9,9,4,1,8,3,2,1
245:6,6,1,8,6,7,7,3,1,7,1,7,3,7,7,1,7,8,3,1,6,9,3,9,1,2,2,9,9,3
246:2,3,6,1,8,8,8,8,3,7,1,8,2,5,5,2,4,1,8,8,8,8,7,6,8,9,5,3,6,2
247:2,7,2,1,8,1,5,3,3,6,9,6,7,6,4,2,4,9,4,4,5,6,1,8,1,2,4,6,1,8
248:4,4,1,4,6,7,5,5,5,2,5,8,5,7,8,6,9,3,4,4,4,7,7,2,7,7,5,4,2,3
249:6,9,6,5,2,5,7,2,3,9,3,5,8,7,7,4,1,3,8,2,3,2,2,5,3,4,6,1,3,4
250:7,7,5,3,7,5,1,1,2,2,4,2,1,3,3,7,7,5,6,5,8,7,1,2,2,5,3,8,6,5
251:9,5,7,2,5,6,7,2,1,1,9,6,7,1,3,8,4,6,7,6,6,5,4,7,6,5,4,2,3,3
252:3,7,6,2,3,7,5,7,7,3,9,7,5,5,5,4,9,1,5,2,2,6,5,4,6,3,4,5,6,1
253:3,6,9,4,4,4,1,3,9,1,6,6,9,3,6,9,8,7,9,8,2,7,6,1,1,3,6,5,7,6
254:2,3,6,6,7,4,5,3,7,4,3,7,3,1,3,8,3,1,5,4,4,3,6,9,1,8,4,8,6,4
255:1,4,9,1,1,2,6,4,4,3,1,9,4,4,9,1,9,1,6,4,6,6,4,2,9,8,1,7,7,3
256:5,1,5,3,5,8,3,4,8,7,9,2,2,1,8,1,7,3,3,4,2,1,2,6,8,5,6,1,2,6
257:1,1,7,7,2,4,9,2,7,4,9,7,7,8,2,7,2,5,6,9,7,9,3,2,4,3,1,3,8,1
258:3,7,3,2,3,2,4,7,6,4,3,1,5,1,5,1,5,9,5,1,7,1,7,9,3,2,9,2,2,5
259:8,1,9,1,1,3,5,4,1,4,5,4,8,6,9,8,6,4,4,7,4,6,5,6,8,9,7,1,7,1
260:4,3,4,8,1,6,9,8,1,6,4,1,8,3,6,8,2,9,4,4,1,5,6,4,3,2,6,8,7,7
261:8,1,9,1,1,3,5,4,1,4,5,4,8,6,9,8,6,4,4,7,8,6,5,6,8,9,7,1,7,1
262:6,6,3,6,6,6,6,8,4,5,9,5,1,6,7,2,8,2,6,1,3,9,3,9,7,6,2,7,9,3
263:7,8,4,2,8,7,6,9,1,4,9,3,8,9,2,6,7,7,4,5,9,8,2,7,3,6,7,1,8,4
264:6,3,1,8,4,4,5,8,9,8,7,5,7,5,5,6,6,8,5,3,8,7,1,7,5,8,9,2,6,2
265:8,4,6,1,6,9,6,7,7,5,1,3,6,5,3,1,9,6,5,1,5,5,2,3,2,6,5,9,9,6
266:5,7,7,5,8,9,6,2,9,9,3,8,2,4,6,2,6,4,8,5,5,8,3,4,1,6,4,9,4,4
267:5,7,4,8,4,5,8,6,3,2,7,1,7,1,1,4,7,8,2,6,5,3,2,7,4,4,7,2,4,2
268:8,7,2,4,5,2,3,8,7,8,8,4,1,3,9,5,6,5,4,6,2,5,5,7,2,3,4,7,4,9
269:6,9,8,9,9,3,6,6,1,5,1,9,6,1,7,1,1,5,9,9,8,5,1,7,2,9,2,4,5,2
270:3,9,8,1,3,3,4,6,7,1,2,6,7,8,3,1,7,2,5,5,4,1,2,8,8,3,7,2,5,8
271:9,8,4,9,3,7,6,8,8,2,9,8,4,3,6,2,8,8,1,6,8,1,8,5,3,9,9,6,3,7
272:7,3,9,1,3,2,1,8,7,5,9,2,7,7,3,8,2,9,4,3,3,7,7,6,9,5,7,4,7,7
273:4,9,3,2,2,8,3,3,8,4,7,5,2,1,9,2,2,9,4,2,9,9,6,2,4,8,9,6,5,5
274:1,9,4,7,4,8,3,2,9,6,4,5,9,9,2,5,3,4,4,5,9,2,9,8,6,4,6,3,4,3
275:7,2,3,9,4,5,4,3,1,3,7,5,5,8,8,6,5,9,9,8,8,4,2,5,5,2,5,1,8,2
276:8,1,3,1,3,8,6,7,4,9,4,8,9,5,1,8,6,4,3,8,6,2,4,8,4,5,1,5,9,9
277:3,7,3,2,3,2,4,7,6,4,3,1,5,1,5,1,5,9,5,1,7,1,7,9,3,2,9,2,2,6
278:3,2,3,8,7,8,4,8,7,8,3,9,6,9,1,4,3,1,7,9,4,5,1,1,8,5,9,2,3,9
279:3,3,6,2,9,2,1,2,8,7,7,8,6,5,4,9,1,9,1,8,6,1,6,9,3,9,2,1,5,7
280:9,9,8,3,8,3,2,8,7,8,7,1,7,9,6,1,3,2,5,7,3,7,6,1,2,3,2,7,4,9
281:2,4,5,7,6,8,9,5,2,5,5,8,5,4,5,7,3,3,7,1,3,7,9,7,3,6,9,4,6,2
282:3,4,2,9,3,8,1,9,5,7,4,4,4,1,3,1,9,5,7,5,9,6,5,8,4,3,7,9,8,9
283:2,9,3,6,8,2,4,9,6,3,7,6,2,8,8,6,5,6,1,4,5,3,6,9,3,6,3,6,2,4
284:7,6,4,9,3,6,7,6,4,6,5,6,3,4,5,6,5,8,9,5,8,1,2,9,8,9,6,2,6,9
285:1,8,5,8,5,9,4,9,4,2,6,9,1,2,6,4,4,7,6,3,4,4,1,1,4,5,1,9,9,9
286:5,2,3,2,4,3,9,4,2,9,7,5,4,6,3,2,2,8,1,6,2,8,1,7,8,3,1,3,6,6
287:8,4,1,1,9,5,4,8,6,6,4,4,3,5,4,9,2,9,1,4,6,4,3,3,2,5,7,7,9,5
288:2,2,2,2,6,1,8,5,9,8,8,8,3,8,7,3,8,8,3,2,6,4,8,7,2,3,6,3,9,6
289:9,8,3,3,8,6,7,4,6,2,2,5,4,5,5,7,3,7,8,6,3,8,6,9,1,2,9,7,5,1
290:6,4,3,7,2,9,3,5,3,1,3,9,2,9,7,9,9,8,5,3,2,8,5,3,3,4,9,2,9,2
291:5,3,9,5,3,1,8,5,1,6,9,8,8,2,4,2,7,4,9,3,4,9,1,5,2,2,3,9,2,1
292:5,7,3,7,9,6,7,7,7,3,9,1,7,7,2,7,3,5,2,3,8,9,2,5,1,3,5,9,3,1
293:2,3,8,7,1,4,7,6,3,5,4,6,4,1,1,6,1,2,3,7,3,7,9,7,3,2,2,9,7,5
294:8,4,9,8,7,9,4,2,7,6,6,8,6,2,3,7,7,3,1,1,9,1,4,6,7,9,9,2,6,9
295:7,3,8,5,3,2,6,1,2,6,8,1,6,3,7,1,1,4,7,2,9,7,7,2,6,5,2,2,5,2
296:8,9,5,2,4,3,2,8,7,8,5,1,7,5,2,2,4,3,9,4,1,7,3,9,9,9,5,1,8,7
297:2,3,1,8,9,6,3,3,7,3,5,5,2,8,6,6,7,1,4,5,5,3,6,8,3,5,4,8,5,7
298:3,6,3,3,4,1,8,7,1,2,4,6,9,1,7,5,9,7,2,7,1,5,3,2,7,3,8,4,5,9
299:1,7,2,7,4,5,7,3,4,8,8,2,6,4,7,9,1,2,3,3,9,3,7,3,9,9,2,4,3,7
300:3,4,4,5,9,9,5,2,2,2,4,4,3,9,6,2,2,1,5,4,2,7,3,6,3,5,1,7,7,9
301:2,3,1,8,9,6,3,3,7,3,5,5,2,8,6,6,7,1,4,5,5,3,6,8,3,5,4,8,5,2
302:7,4,2,9,2,4,9,9,2,5,4,6,6,2,8,5,7,4,6,5,4,2,1,3,6,4,2,5,6,1
303:7,7,7,2,2,5,7,7,8,5,6,6,5,6,4,2,7,5,4,8,1,9,8,7,4,8,8,5,4,2
304:1,1,3,5,5,7,5,3,1,6,6,7,3,7,4,3,9,3,4,3,2,1,2,4,2,1,8,1,9,4
305:8,3,5,5,1,9,1,7,6,4,6,3,2,9,4,2,3,8,3,6,8,6,5,9,6,1,1,7,1,9
306:8,5,7,9,1,2,7,4,1,8,1,2,3,2,9,8,7,2,4,3,4,6,8,1,9,5,9,4,8,5
307:7,6,3,9,8,9,3,5,5,6,8,8,1,9,2,4,5,6,1,4,1,2,5,7,5,6,6,5,8,5
308:7,1,9,8,9,6,3,9,2,7,5,3,7,6,9,3,4,1,4,8,5,4,4,5,7,8,4,6,5,5
309:9,5,6,8,6,2,8,3,3,7,7,6,6,4,5,8,4,6,4,6,3,5,5,7,5,2,9,8,1,8
310:7,8,8,3,3,5,6,2,4,1,5,2,9,5,7,8,3,8,5,2,3,3,9,9,4,1,8,3,2,4
311:2,2,7,3,5,4,2,9,5,4,4,5,5,9,5,1,9,3,2,8,3,6,6,7,8,7,2,4,5,8
312:9,3,2,3,6,4,1,2,5,8,3,4,3,6,2,7,3,1,1,5,1,7,7,2,5,9,3,4,8,4
313:6,2,4,5,9,1,2,6,2,6,4,6,6,2,9,9,4,2,2,3,3,8,4,4,2,8,2,1,4,3
314:9,8,1,7,6,1,5,9,5,4,5,2,2,1,8,3,9,4,6,3,9,5,2,7,8,1,9,7,4,9
315:6,6,8,8,7,2,7,6,9,6,3,3,3,7,5,5,9,2,4,1,5,7,8,4,9,4,5,5,1,2
316:2,8,6,7,6,4,6,4,4,4,8,5,2,1,5,7,2,4,8,2,4,5,7,8,5,4,4,9,7,9
317:5,3,9,5,3,1,9,5,1,6,9,8,8,2,4,2,7,4,9,3,4,9,1,5,2,2,3,9,2,6
318:6,5,2,7,1,1,7,1,1,2,7,7,8,4,5,7,2,8,5,5,8,5,5,8,1,7,9,6,5,9
319:7,3,4,3,8,1,4,3,4,7,4,3,9,4,6,3,2,8,9,6,7,9,5,6,2,9,8,2,9,2
320:2,4,5,7,6,8,9,5,2,5,5,8,5,4,5,7,3,3,7,1,3,7,9,7,3,6,9,4,6,2
321:8,2,9,9,5,9,6,9,2,9,7,6,4,9,8,5,5,2,3,2,9,8,8,9,8,8,8,5,9,1
322:1,4,9,6,5,4,8,7,2,3,7,8,3,9,1,5,2,4,1,2,1,6,6,2,8,2,7,7,3,6
323:1,1,7,7,2,4,9,2,7,1,9,7,7,8,2,7,2,5,6,9,7,9,3,2,4,3,1,3,8,2
324:8,1,3,2,8,1,8,1,6,7,5,5,1,7,5,5,6,2,4,9,8,4,8,3,8,9,4,9,3,9
325:5,2,5,2,2,7,7,9,1,5,2,3,8,6,9,5,6,9,3,3,5,8,4,5,8,1,5,4,9,8
326:2,5,6,6,9,4,7,4,4,7,5,6,5,8,9,6,8,4,3,6,3,3,5,3,5,9,3,7,5,3
327:5,1,2,2,4,3,2,3,8,3,1,8,2,2,3,7,7,2,3,4,4,9,1,8,8,9,4,8,5,9
328:8,6,2,8,6,9,8,2,6,6,9,2,1,9,4,2,5,3,5,8,8,9,9,3,4,2,9,5,4,3
329:4,7,6,9,3,7,3,5,3,1,7,3,3,2,5,4,1,6,1,8,8,4,2,7,2,9,6,8,4,4
330:9,3,2,3,6,4,1,2,5,8,3,4,3,6,2,7,3,1,1,5,1,7,7,2,5,9,3,4,8,2
331:4,4,2,3,5,7,5,5,1,4,9,2,3,4,3,3,1,5,6,4,5,6,9,5,4,2,3,4,1,2
332:9,8,1,4,9,9,3,6,3,7,8,1,5,3,3,8,9,1,2,2,7,7,8,1,8,2,3,4,4,1
333:1,4,9,6,5,4,8,7,2,3,7,8,3,9,1,5,2,4,4,2,1,6,6,2,8,2,7,7,3,6
334:3,8,4,4,2,4,8,1,6,4,2,5,2,1,2,6,5,8,3,1,7,5,8,6,2,5,5,9,9,4
335:3,7,4,7,9,9,6,3,3,9,1,1,3,1,8,2,2,7,4,3,8,2,3,8,8,9,4,9,8,1
336:6,6,4,6,7,7,5,8,9,4,8,7,7,8,4,9,5,9,2,8,5,9,2,9,1,6,4,7,3,9
337:8,8,4,4,9,5,9,5,1,7,6,1,4,1,1,7,7,7,1,7,5,9,9,2,6,6,7,3,3,7
338:4,3,6,8,4,6,4,3,6,1,1,1,1,6,6,5,3,8,3,5,3,4,6,3,3,3,9,3,6,6
339:8,2,6,2,5,8,7,4,1,7,9,9,5,3,1,9,3,4,8,7,4,7,3,4,7,9,9,8,3,8
340:5,3,8,4,4,1,4,3,1,7,1,8,6,3,2,2,7,6,4,7,8,1,3,2,4,4,8,5,2,7
341:1,5,7,6,4,5,3,1,1,2,7,5,2,5,2,5,4,8,5,2,1,7,7,4,3,2,7,3,1,9
342:2,2,7,6,9,5,8,3,1,3,1,5,3,3,3,7,9,1,5,6,1,2,1,5,4,1,2,1,9,6
343:3,6,4,7,5,6,8,8,8,4,8,9,1,3,3,8,1,8,3,9,1,8,3,6,5,1,2,5,7,4
344:5,9,6,4,1,8,7,1,2,3,7,9,4,7,8,1,7,8,9,1,8,4,3,3,8,1,1,3,7,7
345:6,9,9,2,7,6,8,5,8,8,4,4,8,1,1,1,2,4,7,6,7,7,5,1,7,8,3,9,4,3
346:9,2,6,9,2,7,8,6,6,2,1,4,2,9,3,6,2,3,9,3,6,9,1,7,5,2,7,8,6,1
347:6,2,2,9,7,9,6,5,2,1,1,5,6,2,7,5,9,3,8,8,7,9,7,4,5,3,4,7,7,1
348:2,6,9,3,3,9,7,7,3,6,2,3,3,3,8,9,2,5,2,1,1,1,9,9,2,9,4,1,9,1
349:7,4,2,9,2,4,9,9,2,5,4,6,6,2,8,5,7,4,6,5,4,2,1,3,6,4,2,5,6,2
350:8,3,5,8,3,2,5,3,1,1,8,9,7,2,8,4,5,9,8,1,9,3,4,6,2,7,7,4,1,5
351:4,4,2,3,5,7,5,5,1,4,9,2,3,4,3,3,1,5,6,4,5,6,9,5,4,2,3,4,1,6
352:7,4,7,8,3,3,6,4,3,2,4,3,4,5,5,7,2,5,9,1,9,6,7,2,9,6,8,8,9,9
353:3,7,3,2,3,2,4,7,6,4,3,1,5,1,5,1,5,9,5,1,7,1,7,9,3,2,9,2,2,5
354:6,1,9,8,4,2,8,4,8,6,9,5,8,2,9,1,8,2,3,1,4,7,8,6,7,1,1,1,5,4
355:3,5,7,6,5,2,5,8,4,9,7,1,4,4,7,2,2,8,9,3,4,7,2,5,7,1,5,7,7,5
356:7,2,3,2,6,1,5,4,7,2,3,9,2,2,6,4,2,7,6,8,7,6,1,3,1,2,7,5,8,3
357:9,1,1,2,3,5,7,8,6,2,4,1,9,1,6,2,7,4,9,6,5,4,5,6,1,3,7,3,3,6
358:8,9,7,1,3,3,6,9,3,1,6,2,1,1,8,2,1,7,3,1,3,8,6,6,8,6,5,6,8,7
359:6,6,1,8,6,7,7,3,1,7,1,7,3,7,7,1,7,8,3,1,6,9,3,3,1,2,2,9,9,3
360:6,5,2,7,1,1,7,1,1,2,7,7,8,4,5,7,2,8,5,5,8,5,5,8,1,7,9,6,5,3
361:3,2,3,8,7,8,4,8,7,8,3,9,6,9,1,4,3,1,7,9,4,5,1,1,8,5,9,2,3,1
362:5,1,5,3,5,8,3,9,8,7,9,2,2,1,8,1,7,3,3,4,2,1,2,6,8,5,6,1,2,6
363:2,1,3,4,9,3,8,4,6,2,5,5,9,4,4,1,6,6,4,7,4,8,8,9,1,1,1,7,6,8
364:8,7,3,8,1,7,6,4,6,4,7,1,9,6,7,1,9,2,9,8,3,5,9,9,6,7,6,4,3,3
365:8,7,1,7,4,8,7,6,3,3,2,6,1,5,6,4,2,7,9,8,6,8,2,8,3,2,5,6,9,4
366:4,9,3,2,2,8,3,3,8,4,7,5,2,1,9,2,2,9,4,2,9,9,6,2,7,8,9,6,5,5
367:8,5,6,4,8,1,5,1,4,5,6,7,5,1,4,7,2,4,1,7,3,1,5,8,4,3,5,2,2,6
368:8,3,2,3,7,6,1,1,2,9,9,3,1,1,5,3,6,5,8,2,3,3,8,1,4,3,8,4,2,2
369:1,4,9,1,1,2,6,4,4,3,1,9,4,4,9,1,9,1,6,4,6,6,4,2,9,8,1,7,7,9
370:2,7,1,5,9,3,7,7,4,9,7,5,6,8,5,9,3,3,1,2,2,8,1,6,8,7,9,6,5,2
371:8,4,9,8,7,9,4,2,7,6,6,8,6,2,3,7,7,3,1,1,9,1,4,6,7,9,7,2,6,9
372:6,6,8,1,6,3,4,9,3,3,6,8,6,2,1,8,6,8,7,6,3,6,7,3,2,1,8,4,7,8
373:5,3,8,9,3,1,1,8,6,2,9,1,2,2,1,1,4,2,7,2,7,9,4,6,5,9,8,9,5,6
374:3,5,7,6,5,2,5,5,4,9,7,1,4,4,7,2,2,8,9,3,4,7,2,5,7,1,5,7,7,5
375:4,9,3,2,2,8,3,3,8,4,7,5,2,1,9,2,2,9,4,2,9,9,6,2,7,8,9,6,5,5
376:1,7,7,8,3,8,9,8,6,6,7,5,4,1,3,4,3,2,5,6,1,6,6,1,3,3,9,4,6,5
377:1,7,7,8,3,8,9,8,6,6,7,5,4,1,3,4,3,2,5,6,1,6,6,1,3,3,9,4,6,4
378:9,4,2,8,5,1,9,5,7,4,1,7,2,9,1,5,7,5,7,1,4,5,9,1,6,6,5,5,2,5
379:3,4,4,9,2,2,7,7,4,7,9,4,4,4,5,6,6,5,5,4,7,8,9,7,7,7,5,7,4,4
380:2,8,2,5,9,5,1,2,6,8,2,6,9,4,9,2,5,7,7,4,1,9,2,4,3,7,3,7,4,4
381:7,7,5,3,7,5,1,1,2,2,4,2,1,3,3,7,7,5,6,5,8,7,1,2,2,5,2,8,6,5
382:4,7,5,2,8,5,6,2,2,3,3,3,6,5,7,1,2,3,2,2,3,4,7,6,1,1,3,1,8,3
383:3,9,7,4,4,2,2,7,1,2,1,4,4,4,6,5,9,9,5,5,4,8,4,8,4,2,8,9,3,7
384:9,5,6,8,6,2,8,3,3,7,7,6,6,4,5,8,4,6,4,6,3,5,5,7,5,2,9,8,1,8
385:2,7,4,1,5,3,9,7,1,3,9,5,1,6,8,9,6,3,8,2,4,9,8,8,1,3,4,4,7,7
386:3,8,7,5,9,5,3,2,7,2,1,8,7,9,3,4,7,8,5,7,2,1,4,6,8,6,8,6,6,3
387:1,9,4,8,9,5,4,3,9,2,1,9,7,6,8,4,2,9,8,3,3,5,4,7,4,1,8,9,5,4
388:8,3,2,3,7,6,1,1,2,9,9,3,1,1,5,3,6,5,8,2,3,3,8,1,4,3,8,4,2,6
389:6,6,6,2,4,3,3,5,1,6,5,4,4,1,7,4,3,3,5,2,3,1,2,4,5,9,3,4,8,4
390:1,4,8,2,6,2,4,2,9,6,9,1,1,4,3,3,1,8,3,4,4,1,9,6,9,4,5,8,7,2
391:6,6,4,6,7,7,5,8,9,4,8,7,7,8,4,9,5,9,2,8,5,4,2,9,1,6,4,7,3,5
392:2,4,2,7,2,1,8,9,3,8,4,1,5,4,9,8,6,9,1,6,8,9,9,9,6,7,2,2,2,1
393:8,5,2,9,4,1,8,4,1,6,9,9,3,7,3,2,6,3,1,5,1,5,4,6,7,8,2,9,1,3
394:2,1,4,3,1,7,8,3,3,1,6,5,8,5,1,9,6,5,5,4,4,9,1,9,4,1,7,2,1,6
395:1,4,9,6,5,4,8,7,2,3,7,8,3,9,1,5,2,4,4,2,1,6,6,2,8,2,7,7,3,6
396:4,7,7,8,3,1,8,5,1,8,7,5,5,5,7,4,3,1,6,4,5,3,9,6,9,7,6,9,7,4
397:5,6,9,9,3,5,3,1,6,6,4,9,9,3,9,2,1,2,6,7,8,8,1,4,2,1,6,1,9,5
398:2,7,3,7,2,8,5,6,8,9,7,8,9,3,4,3,8,6,2,3,3,1,2,7,8,6,9,8,6,3
399:3,1,7,7,5,5,6,2,8,6,4,2,7,7,2,1,9,1,3,6,2,3,4,6,3,1,5,3,9,1
400:1,1,9,8,2,7,2,6,8,5,7,6,8,8,7,7,5,9,9,8,2,5,6,1,4,6,2,3,5,6
401:6,5,7,9,7,7,5,7,1,8,1,4,3,8,1,6,2,5,9,7,6,3,8,3,7,9,7,9,3,7
402:6,4,2,1,7,1,9,9,8,9,8,7,5,5,9,1,6,3,5,9,5,8,8,6,5,6,3,1,3,7
403:4,7,6,4,3,6,8,4,8,3,6,5,2,1,3,9,5,5,5,4,5,5,4,8,3,2,7,8,5,7
404:8,5,3,3,9,7,1,8,3,2,9,6,9,3,6,1,1,2,6,5,4,5,6,8,2,7,4,2,1,5
405:2,9,9,2,7,4,1,3,6,4,5,1,8,1,3,9,4,5,5,3,8,5,6,5,7,2,8,4,9,1
406:3,9,8,2,3,3,9,2,6,3,7,7,3,6,1,3,2,1,4,1,3,4,3,4,8,7,9,1,3,6
407:2,5,3,6,7,5,4,4,7,7,2,8,9,2,2,6,4,5,3,9,7,9,9,4,9,1,8,7,1,3
408:4,8,8,1,8,2,6,6,3,1,8,7,8,7,8,7,3,9,4,7,2,9,5,4,6,9,7,5,5,8
409:5,8,5,1,9,3,5,5,3,2,5,5,7,6,1,7,5,7,7,5,4,8,8,7,3,1,2,8,5,2
410:4,8,5,4,9,6,9,3,9,5,1,1,3,3,9,1,9,9,1,6,3,3,1,3,1,4,2,2,7,9
411:8,4,9,8,7,9,4,2,7,6,6,8,6,2,3,7,7,3,1,1,9,1,4,6,7,9,7,2,6,8
412:9,5,9,1,2,3,9,7,4,6,8,4,7,9,3,1,5,8,9,4,2,2,6,4,3,8,3,6,3,4
413:3,3,5,6,7,5,3,5,5,6,2,5,1,4,1,5,2,3,1,3,4,6,9,5,2,2,9,9,2,8
414:8,4,1,1,9,5,4,8,6,6,4,4,3,5,4,9,2,9,1,4,6,4,3,3,2,5,7,7,9,5
415:8,2,6,2,5,8,7,4,1,7,9,9,5,3,1,9,3,4,8,7,4,7,3,4,7,9,9,8,3,9
416:3,7,6,2,3,7,5,7,7,3,9,7,5,5,5,4,9,1,5,2,2,6,5,4,6,3,4,5,6,8
417:6,9,5,4,4,1,8,7,9,9,4,1,2,8,3,3,1,8,2,2,6,6,7,3,2,2,2,4,9,4
418:5,1,2,2,4,3,2,3,8,3,1,8,2,2,3,7,7,2,3,4,4,9,1,8,8,9,2,8,5,9
419:6,5,2,6,1,1,2,1,6,1,2,1,9,6,6,5,7,4,8,2,4,4,8,6,1,4,6,2,1,7
420:5,3,8,9,3,1,1,8,6,2,9,1,2,2,1,1,4,2,7,2,7,9,4,6,5,9,8,9,5,6
421:6,2,4,5,9,1,2,6,2,6,4,9,6,2,9,9,4,2,2,3,3,8,4,4,2,8,2,1,4,3
422:7,3,9,6,1,5,4,5,4,4,1,5,7,2,1,8,4,9,9,8,1,8,2,3,3,5,4,8,3,3
423:4,6,9,7,3,6,3,8,3,9,9,2,3,7,6,6,4,6,1,9,3,7,8,9,6,3,6,2,9,4
424:7,3,9,6,1,5,4,5,4,4,1,5,7,2,1,3,4,9,9,8,1,8,2,3,3,5,4,8,3,3
425:6,2,2,9,7,9,6,5,2,1,1,5,6,2,7,5,9,3,8,8,7,9,7,4,5,3,4,7,7,1
426:4,6,5,7,4,1,6,5,9,5,3,5,6,7,5,9,4,2,7,8,5,2,8,2,6,9,7,2,1,5
427:7,3,7,9,7,5,7,1,3,3,9,8,6,1,7,4,8,7,6,9,8,7,4,8,1,5,1,2,1,7
428:6,5,3,8,6,1,3,6,3,5,5,6,4,7,1,6,4,9,3,4,1,6,3,9,8,7,1,2,6,5
429:4,3,4,8,7,1,3,4,3,9,6,5,2,2,4,2,6,3,2,9,8,1,4,5,1,7,3,5,5,9
430:8,5,7,1,3,7,7,6,9,6,3,8,9,7,8,2,2,4,8,4,1,4,8,8,5,6,7,5,4,1
431:3,4,2,2,5,5,3,2,4,4,6,1,1,3,9,9,7,3,8,1,8,3,1,9,8,7,3,1,5,9
432:7,3,4,3,8,1,4,3,4,7,4,3,9,4,6,3,2,8,9,6,7,9,5,6,2,9,8,2,9,1
433:8,3,5,5,1,9,1,7,6,4,6,3,2,9,4,2,3,8,3,6,8,6,5,9,6,1,1,7,1,9
434:9,5,9,1,2,3,9,7,4,6,8,4,7,9,3,1,5,8,9,4,2,2,6,4,3,8,3,6,3,9
435:1,2,8,9,8,9,2,9,7,1,2,6,7,4,3,7,9,7,7,6,3,5,5,3,6,3,6,8,4,7
436:4,7,6,7,5,4,4,6,6,2,3,2,2,5,7,7,5,6,4,8,3,6,2,5,1,8,1,2,9,1
437:7,6,1,6,9,9,2,1,3,8,3,7,4,7,6,4,6,7,9,3,3,8,1,3,5,4,4,6,5,3
438:3,1,4,2,1,5,1,8,7,7,1,7,1,1,2,9,6,9,7,4,8,6,9,3,6,6,8,7,9,7
439:6,1,7,4,4,8,8,7,3,1,1,9,8,6,3,5,4,1,6,8,9,8,5,8,7,2,9,1,5,3
440:8,5,8,9,4,1,8,4,1,6,9,9,3,7,3,2,6,3,1,5,1,5,4,6,7,8,2,9,1,8
441:8,7,8,6,2,3,4,7,7,3,2,8,3,8,9,4,2,1,7,6,1,8,6,8,5,6,6,1,4,6
442:1,9,4,7,4,8,3,2,9,6,4,5,9,9,2,5,3,4,4,5,9,2,9,8,6,4,6,3,4,6
443:1,7,7,8,3,8,9,8,9,6,7,5,4,1,3,4,3,2,5,6,1,6,6,1,3,3,9,4,6,4
444:4,6,3,3,4,2,2,1,9,2,5,2,1,8,2,2,3,1,8,9,1,5,7,7,5,3,6,5,9,2
445:7,6,3,5,2,9,4,4,2,2,7,2,4,2,4,4,4,6,4,4,2,8,1,4,4,5,2,3,5,5
446:8,7,4,5,7,8,7,2,4,6,8,2,1,4,3,6,4,6,8,8,8,9,5,3,1,7,4,8,3,1
447:9,3,4,5,8,7,1,9,4,7,5,1,5,8,9,9,2,4,1,7,1,3,4,7,8,2,2,9,5,2
448:4,3,4,8,7,1,3,4,3,9,6,5,2,2,4,2,6,3,2,9,8,1,4,5,1,7,3,5,5,4
449:2,1,5,3,1,3,5,2,9,3,7,2,8,7,1,6,2,4,9,5,5,2,4,5,5,2,6,3,3,1
450:6,2,2,9,7,9,6,8,2,1,1,5,6,2,7,5,9,3,8,8,7,9,7,4,5,3,4,7,7,1
451:6,1,7,4,4,8,8,7,3,1,1,9,6,6,3,5,4,1,6,8,9,8,5,8,7,2,9,1,5,4
452:6,7,4,7,5,6,6,1,6,6,3,2,1,4,3,5,7,5,9,4,7,8,8,7,1,9,1,6,5,4
453:4,4,7,6,4,3,9,4,6,2,9,4,5,3,6,6,6,6,9,9,3,6,2,5,1,9,8,1,9,3
454:8,1,4,9,7,9,3,5,3,4,3,2,8,7,8,1,3,5,6,5,9,2,8,6,7,8,4,9,6,3
455:1,8,8,6,8,4,3,8,7,4,1,5,5,2,4,9,8,1,9,4,3,4,6,7,8,6,8,6,1,6
456:8,2,9,1,3,7,8,7,7,3,3,6,2,5,2,7,6,9,4,5,5,2,6,4,4,4,4,6,8,2
457:7,3,8,1,4,9,4,7,2,6,5,1,8,8,8,3,1,7,5,7,7,1,8,3,3,7,4,1,2,9
458:3,5,8,3,8,5,1,7,6,1,5,7,5,8,6,4,1,4,5,7,9,6,8,1,7,4,6,4,1,6
459:8,1,3,2,8,1,8,1,6,7,5,5,1,7,5,5,6,2,4,9,8,4,8,3,8,9,4,9,3,3
460:2,5,6,5,9,3,2,8,8,2,3,7,9,8,4,1,6,6,6,9,4,4,1,9,5,7,9,8,6,2
461:5,5,5,7,2,7,8,3,6,2,6,4,5,7,8,6,6,3,6,3,5,8,5,5,9,5,1,6,7,7
462:2,1,6,3,6,4,6,8,4,4,6,1,4,7,1,3,8,9,2,7,5,2,9,9,5,5,8,6,3,2
463:6,6,2,6,6,4,6,9,5,8,8,3,8,9,1,6,8,9,8,6,1,6,4,8,7,5,4,7,7,9
464:8,7,5,9,3,3,2,6,4,2,5,7,2,1,5,1,6,6,4,5,5,8,5,2,6,8,2,4,1,6
465:8,1,2,2,7,1,7,1,3,5,8,8,2,6,7,7,6,9,6,8,1,3,9,8,4,5,3,8,8,1
466:1,8,6,9,1,4,8,2,3,3,8,8,9,1,8,7,5,8,1,6,8,6,3,1,4,4,3,8,1,4
467:2,7,1,5,1,8,4,1,2,1,5,1,2,3,7,5,1,1,8,5,3,3,9,2,4,6,6,9,6,1
468:8,7,2,4,5,2,3,8,7,8,8,4,1,3,9,5,6,5,4,6,2,5,5,7,2,3,4,7,4,6
469:6,9,3,2,7,8,5,8,7,4,1,9,4,5,3,5,4,6,3,8,1,3,1,2,8,7,2,1,2,4
470:3,8,5,4,9,1,3,4,2,4,7,5,9,1,5,3,5,5,9,8,2,7,1,4,6,6,5,8,5,6
471:3,3,5,6,3,1,5,4,3,7,9,4,5,1,2,6,9,7,6,4,4,6,7,4,9,8,9,6,6,4
472:3,6,1,8,3,7,1,2,8,3,4,6,3,8,4,6,4,1,3,6,2,3,9,5,5,5,5,2,8,4
473:5,2,3,2,4,3,9,4,2,9,7,5,4,6,3,2,2,8,1,6,2,8,1,7,8,3,1,3,6,6
474:7,8,4,3,5,7,9,6,4,3,3,9,2,7,2,2,9,4,5,4,7,6,4,6,2,1,7,7,7,9
475:1,4,7,9,4,8,7,9,2,8,5,1,8,2,4,7,4,9,5,8,2,6,8,7,8,5,3,4,9,8
476:3,8,4,4,2,4,2,1,6,4,2,5,2,1,2,6,5,8,3,1,7,5,8,6,2,5,5,9,9,5
477:9,3,2,3,6,4,1,2,5,8,3,4,3,6,2,7,1,1,1,5,1,7,7,2,5,9,3,4,8,4
478:4,7,2,6,1,7,6,7,8,9,2,6,7,3,2,5,8,5,3,8,3,2,3,7,9,2,4,9,4,4
479:1,1,8,5,5,7,5,3,1,6,6,7,3,7,4,3,9,3,4,3,2,1,2,4,2,1,8,1,9,4
480:8,4,7,5,9,2,4,9,7,1,8,8,8,5,3,7,4,9,7,1,3,3,9,2,9,9,9,9,9,1
481:8,1,1,8,6,2,7,2,2,9,4,6,2,5,7,5,6,6,1,5,3,5,5,4,1,6,6,9,5,1
482:1,9,4,8,9,5,4,3,9,2,1,9,7,6,8,4,2,9,8,3,3,5,4,7,4,1,8,9,5,4
483:6,8,5,5,2,3,6,9,7,2,9,8,9,1,1,7,8,3,7,6,2,4,9,4,3,5,5,8,6,7
484:4,6,9,7,3,6,3,8,3,9,9,2,3,7,6,6,4,6,1,9,3,7,8,9,6,3,6,2,9,9
485:7,4,2,9,2,4,9,9,2,5,4,6,6,2,8,5,7,4,6,5,4,2,1,3,3,4,2,5,6,2
486:8,7,2,4,5,2,3,8,7,8,8,4,1,3,9,5,6,5,4,6,2,5,5,7,2,3,3,7,4,6
487:7,8,8,3,3,5,6,2,4,1,5,2,9,5,7,8,3,8,5,5,3,3,9,9,4,1,8,3,2,4
488:1,1,8,3,9,1,5,7,8,8,4,4,6,1,7,9,4,8,7,9,8,9,6,3,7,9,3,7,4,4
489:8,5,2,9,4,1,8,4,1,6,9,9,3,7,3,2,6,3,1,5,1,5,4,6,7,8,2,9,1,8
490:8,7,4,8,9,7,9,5,8,1,7,3,3,8,1,2,1,8,1,3,8,6,9,2,8,7,8,8,4,5
491:1,9,4,8,9,5,4,3,9,2,1,9,7,6,8,4,2,9,8,3,3,5,4,7,4,1,8,9,2,4
492:1,1,1,6,2,1,9,6,2,1,5,2,6,2,6,7,5,2,2,9,6,8,1,6,9,4,4,7,3,7
493:2,2,2,2,6,1,8,5,9,8,8,8,3,8,7,3,8,8,3,2,6,5,8,7,2,3,6,3,9,7
494:6,4,1,7,7,7,6,3,4,5,4,2,1,4,5,5,6,9,9,2,4,8,2,5,9,2,1,3,3,8
495:1,4,7,9,4,8,7,9,2,8,5,1,8,2,4,7,4,9,5,8,2,6,8,7,8,5,3,4,9,9
496:3,8,4,4,2,4,2,1,6,4,2,5,2,1,2,6,5,8,3,1,7,5,8,6,2,5,5,9,9,4
497:6,5,4,7,5,9,5,2,6,2,8,5,6,5,8,8,4,2,1,7,9,9,3,1,1,8,7,2,4,9
498:8,2,8,8,2,7,8,7,2,9,1,1,8,6,6,1,5,1,2,9,6,7,1,6,7,7,5,4,6,2
499:8,7,1,7,4,8,7,6,3,3,2,6,1,5,6,4,2,7,9,8,6,8,2,8,3,2,5,6,9,2
500:8,7,9,4,1,9,5,6,2,9,3,7,1,2,2,4,8,6,4,1,4,8,8,7,8,6,1,5,6,2